knn :0.9068544145019017
svm :0.8949451296494124
naive bayes :0.8890939108478197
logistical :0.8890939108478197
ada :0.14734176279091904
